
  Obs  STUDY_PAT_ID  SLEEP_STUDY_ID  AGE_AT_SLEEP_STUDY_DAYS
-----  ------------  --------------  -----------------------
    1             1             101                     3650
    2             1             201                     3680
    3             2             102                     5475
    4             2             202                     5505
    5             3             103                     2920
    6             4             104                     4380
    7             5             105                     3285

